((("char" .
   [1 0 0 0])
  ("setq-default" .
   [0 0 0 0 0 1 0 0 0 0 0 0])
  ("skk-leim" .
   [1 0 0 0 0 0 0 0])
  ("require" .
   [2 0 0 0 0 0 0])
  ("//bin" .
   [0 0 1 0 0])
  ("string" .
   [2 0 0 1 0 0])
  ("std" .
   [2 0 0])
  ("int" .
   [4 0 0])
  ("include" .
   [2 0 0 0 0 0 0])
  ("vector" .
   [3 0 0 0 0 0])
  ("for" .
   [1 0 0])
  ("iterator" .
   [0 0 0 0 0 1 0 0])
  ("it" .
   [4 0])
  ("begin" .
   [1 0 0 0 0])
  ("end" .
   [1 0 0])
  ("cout" .
   [2 0 0 0])
  ("endl" .
   [2 0 0 0])))
